2512047091
2513020051
2517093049
2517572245
2519899633
2526164568
2528311013
2599185200
2599185214
2599185226
2599185227
2599185229
2603880186
2608642243
2609459724
2627853871
2643221485
2643221492
2643221495
2643221497
2643221498
2643221499
2643221501
2643221508
2643221628
2643221658
2643221672
2643221683
2687453678
2687453681
2687453686
2687453687
2687453690
2687453692
2687453812
2690315617
2690315635
2703718747
2703718748
2703718749
2703718750
2703718751
2706794494
2731957647
2731957648
2734482178
2737472017
2738541277
2738541307
2738543019
2744054786
2757320412
2757320422
2757320433
2757320526
2775506996
2788500615
2795386117
2795386127
2799112225
2799112243
2802428866
2802429317
2808606629
2816332132
